0 100.0
1.0 90.0
0 1000.0
1.0 900.0
2.0 810.0
3.0 729.0
4.0 656.1
5.0 590.49
6.0 531.441
7.0 478.2969
8.0 430.46721
9.0 387.420489
10.0 348.6784401
11.0 313.81059609
12.0 282.429536481
13.0 254.186582833
14.0 228.76792455
15.0 205.891132095
16.0 185.302018885
17.0 166.771816997
18.0 150.094635297
19.0 135.085171767
20.0 121.576654591
21.0 109.418989132
22.0 98.4770902184
23.0 88.6293811965
24.0 79.7664430769
25.0 71.7897987692
26.0 64.6108188923
27.0 58.149737003
28.0 52.3347633027
29.0 47.1012869725
0 1000.0
1.0 900.0
2.0 810.0
3.0 729.0
4.0 656.1
5.0 590.49
6.0 531.441
7.0 478.2969
8.0 430.46721
9.0 387.420489
10.0 348.6784401
11.0 313.81059609
12.0 282.429536481
13.0 254.186582833
14.0 228.76792455
15.0 205.891132095
16.0 185.302018885
17.0 166.771816997
18.0 150.094635297
19.0 135.085171767
20.0 121.576654591
21.0 109.418989132
22.0 98.4770902184
23.0 88.6293811965
24.0 79.7664430769
25.0 71.7897987692
26.0 64.6108188923
27.0 58.149737003
28.0 52.3347633027
29.0 47.1012869725
0 1000.0
1.0 900.0
2.0 810.0
3.0 729.0
4.0 656.1
5.0 590.49
6.0 531.441
7.0 478.2969
8.0 430.46721
9.0 387.420489
10.0 348.6784401
11.0 313.81059609
12.0 282.429536481
13.0 254.186582833
14.0 228.76792455
15.0 205.891132095
16.0 185.302018885
17.0 166.771816997
18.0 150.094635297
19.0 135.085171767
20.0 121.576654591
21.0 109.418989132
22.0 98.4770902184
23.0 88.6293811965
24.0 79.7664430769
25.0 71.7897987692
26.0 64.6108188923
27.0 58.149737003
28.0 52.3347633027
29.0 47.1012869725
0 1000.0
1.0 900.0
2.0 810.0
3.0 729.0
4.0 656.1
5.0 590.49
6.0 531.441
7.0 478.2969
8.0 430.46721
9.0 387.420489
10.0 348.6784401
11.0 313.81059609
12.0 282.429536481
13.0 254.186582833
14.0 228.76792455
15.0 205.891132095
16.0 185.302018885
17.0 166.771816997
18.0 150.094635297
19.0 135.085171767
20.0 121.576654591
21.0 109.418989132
22.0 98.4770902184
23.0 88.6293811965
24.0 79.7664430769
25.0 71.7897987692
26.0 64.6108188923
27.0 58.149737003
28.0 52.3347633027
29.0 47.1012869725
0 1000.0
1.0 900.0
2.0 810.0
3.0 729.0
4.0 656.1
5.0 590.49
6.0 531.441
7.0 478.2969
8.0 430.46721
9.0 387.420489
10.0 348.6784401
11.0 313.81059609
12.0 282.429536481
13.0 254.186582833
14.0 228.76792455
15.0 205.891132095
16.0 185.302018885
17.0 166.771816997
18.0 150.094635297
19.0 135.085171767
20.0 121.576654591
21.0 109.418989132
22.0 98.4770902184
23.0 88.6293811965
24.0 79.7664430769
25.0 71.7897987692
26.0 64.6108188923
27.0 58.149737003
28.0 52.3347633027
29.0 47.1012869725
0 1000.0
1.0 900.0
2.0 810.0
3.0 729.0
4.0 656.1
5.0 590.49
6.0 531.441
7.0 478.2969
8.0 430.46721
9.0 387.420489
10.0 348.6784401
11.0 313.81059609
12.0 282.429536481
13.0 254.186582833
14.0 228.76792455
15.0 205.891132095
16.0 185.302018885
17.0 166.771816997
18.0 150.094635297
19.0 135.085171767
20.0 121.576654591
21.0 109.418989132
22.0 98.4770902184
23.0 88.6293811965
24.0 79.7664430769
25.0 71.7897987692
26.0 64.6108188923
27.0 58.149737003
28.0 52.3347633027
29.0 47.1012869725
0 1000.0
1.0 950.0
2.0 902.5
3.0 857.375
4.0 814.50625
5.0 773.7809375
6.0 735.091890625
7.0 698.337296094
8.0 663.420431289
9.0 630.249409725
10.0 598.736939238
11.0 568.800092276
12.0 540.360087663
13.0 513.34208328
14.0 487.674979116
15.0 463.29123016
16.0 440.126668652
17.0 418.120335219
18.0 397.214318458
19.0 377.353602535
20.0 358.485922409
21.0 340.561626288
22.0 323.533544974
23.0 307.356867725
24.0 291.989024339
25.0 277.389573122
26.0 263.520094466
27.0 250.344089742
28.0 237.826885255
29.0 225.935540993
0 1000.0
1.0 950.0
2.0 902.5
3.0 857.375
4.0 814.50625
5.0 773.7809375
6.0 735.091890625
7.0 698.337296094
8.0 663.420431289
9.0 630.249409725
10.0 598.736939238
11.0 568.800092276
12.0 540.360087663
13.0 513.34208328
14.0 487.674979116
15.0 463.29123016
16.0 440.126668652
17.0 418.120335219
18.0 397.214318458
19.0 377.353602535
20.0 358.485922409
21.0 340.561626288
22.0 323.533544974
23.0 307.356867725
24.0 291.989024339
25.0 277.389573122
26.0 263.520094466
27.0 250.344089742
28.0 237.826885255
29.0 225.935540993
0 1000.0
1.0 900.0
2.0 810.0
3.0 729.0
4.0 656.1
5.0 590.49
6.0 531.441
7.0 478.2969
8.0 430.46721
9.0 387.420489
10.0 348.6784401
11.0 313.81059609
12.0 282.429536481
13.0 254.186582833
14.0 228.76792455
15.0 205.891132095
16.0 185.302018885
17.0 166.771816997
18.0 150.094635297
19.0 135.085171767
0 1000.0
1.0 900.0
2.0 810.0
3.0 729.0
4.0 656.1
5.0 590.49
6.0 531.441
7.0 478.2969
8.0 430.46721
9.0 387.420489
10.0 348.6784401
11.0 313.81059609
12.0 282.429536481
13.0 254.186582833
14.0 228.76792455
15.0 205.891132095
16.0 185.302018885
17.0 166.771816997
18.0 150.094635297
19.0 135.085171767
20.0 121.576654591
21.0 109.418989132
22.0 98.4770902184
23.0 88.6293811965
24.0 79.7664430769
25.0 71.7897987692
26.0 64.6108188923
27.0 58.149737003
28.0 52.3347633027
29.0 47.1012869725
